1 0 0 0.0930946 0.0492854 0
2 0 0 0.0365077 0.0164285 0
3 0 0 0.07119 0.0182538 0
4 0 0 0.0547615 0.0219046 0
6 0 0 0.09492 0.0401584 0
7 0 0 0.0346823 0.00365077 0
10 0 0.346797 0 0 0
11 0 0 0.127777 0.0419838 0
12 0 0.0655061 0.085793 0.0182538 0
13 0 0 0.062063 0.0292061 0
14 0 0 0.0255554 0.00182538 0
15 0 0 0.164285 0.0547615 0
16 0 0 0.0456346 0.0182538 0
17 0 0 0.0200792 0.00547615 0
18 0 0 0.109523 0.062063 0
19 0 0 0.0821423 0.0456346 0
20 0 0 0.0328569 0.00547615 0
21 0 0 0.0255554 0.0146031 0
22 0 0 0.0182538 0.00912692 0
23 0 0 0.0127777 0.00547615 0
25 0 0.169545 0 0 0
26 0 0.241987 0 0 0
27 0 0 0.113174 0.02373 0
28 0 0 0.0310315 0.0127777 0
29 0 0 0.0438092 0.00730154 0
31 0 0 0.0784915 0.0492854 0
32 0 0 0.107698 0.0419838 0
33 0 0 0.0419838 0.0164285 0
34 0 0 0.107698 0.04746 0
35 0 0 0.0602377 0.0164285 0
36 0 0 0.0565869 0.0310315 0
39 0 0 0.0492854 0.0200792 0
40 0 0 0.0365077 0.0419838 0
41 0 0 0.0675392 0.0182538 0
42 0 0 0.0675392 0.0419838 0
43 0 0 0.0328569 0.0127777 0
44 0 0 0.0292061 0.0146031 0
45 0 0 0.0967453 0.0401584 0
46 0 0.0146425 0.0511107 0.0182538 0
47 0 0 0.062063 0 0
48 0 0 0.0365077 0.0200792 0
49 0 0.157215 0.158808 0.0547615 0
50 0 0 0.0310315 0.00730154 0
51 0 0 0.0310315 0.0146031 0
52 0 0 0.0328569 0.00912692 0
53 0 0 0.0419838 0.0200792 0
54 0 0.0369917 0.206268 0.0584123 0
55 0 0 0.114999 0.0401584 0
56 0 0 0.153332 0.0328569 0
57 0 0 0.0219046 0.00547615 0
58 0 0 0.0219046 0.00547615 0
59 0 0.119452 0.505631 0.206268 0
60 0 0 0.14238 0.00547615 0
61 0 0.123306 0 0 0
62 0 0 0.140555 0.0255554 0
65 0 0.301328 0 0 0
66 0 0.302099 0.07119 0.0328569 0
67 0 0 0.0511107 0.0127777 0
69 0 0.396119 0 0 0
70 0 0 0.120475 0.0365077 0
74 0 0 0.124126 0.0492854 0
75 0 0 0.085793 0.0200792 0
76 0 0 0.124126 0.0657138 0
77 0 0 0.111348 0.0511107 0
78 0 0 0.129602 0.04746 0
79 0 0 0.07119 0.0584123 0
80 0 0.367605 0.2373 0.04746 0
82 0 0 0.0985707 0.0492854 0
83 0 0 0.0365077 0.0182538 0
84 0 0 0.0200792 0.0127777 0
85 0 0 0.0438092 0.0273808 0
86 0 0 0.0383331 0.0182538 0
88 0 0 0.0876184 0.0182538 0
89 0 0.46779 0 0 0
90 0 0 0.14238 0.0766661 0
92 0 0 0.11865 0.0182538 0
93 0 0 0.0219046 0.0127777 0
94 0 0 0.0547615 0.0292061 0
95 0 0 0.0766661 0.0565869 0
96 0 0 0.0693646 0.0273808 0
97 0 0 0.0273808 0.0164285 0
98 0 0 0.062063 0.0146031 0
100 0 0.194206 0.0675392 0.0328569 0
101 0 0 0.0401584 0.0273808 0
102 0 0 0.00912692 0.00547615 0
103 0 0.0308264 0.0419838 0.0292061 0
104 0 0 0.0693646 0.0456346 0
105 0 0 0.0565869 0.04746 0
106 0 0 0.0784915 0.0292061 0
107 0 0 0.0511107 0.0219046 0
108 0 0 0.00365077 0.00182538 0
109 0 0 0.0146031 0.00547615 0
110 0 0 0.07119 0.0547615 0
111 0 0.0277437 0 0 0
112 0 0 0.0456346 0.02373 0
114 0 0 0.0146031 0.00547615 0
115 0 0 0.0401584 0.0127777 0
117 0 0 0.0365077 0.0146031 0
118 0 0 0.0602377 0.0273808 0
